4    0    4    7    9    4    2    2    0    2    
0    9    4    5    6    3    2    3    5    3    
1    8    1    4    6    8    9    5    8    4    
3    2    0    3    5    5    0    9    3    4    
5    3    3    0    9    2    5    5    4    0    
8    5    3    5    4    6    3    8    0    3    
9    2    8    6    8    8    2    2    0    2    
9    9    6    4    1    2    9    5    2    6    
4    1    2    3    4    5    4    1    7    7    
6    7    9    3    0    0    0    9    4    1    
